0.8 
0.8 
0.8 
0.8 
0.8 
0.8 
0.8 
0.8 
0.8 
0.8 
0.8174741357195681 
0.39014414506630396 
0.955723123907876 
0.33957912627163955 
0.5220772911315557 
0.935064935064935 
0.7118883611487424 
0.8 
0.7944040167691321 
0.9949708743813676 
0.8545690634637235 
0.8083712683486112 
0.5082858732844866 
0.935064935064935 
0.7138967922542166 
0.1764669912069097 
0.41325392579222314 
0.9528626312609269 
0.9997153780471858 
0.9758686742884445 
0.63806 
0.63518 
0.63553 
0.6387 
0.63452 
0.63613 
0.63629 
0.63658 
0.63565 
0.63528 
0.40517 
0.26715 
0.40351 
0.32681 
0.26668 
0.50513 
0.50793 
0.40577 
0.26453 
0.32945 
0 
0 
0 
0 
0 
0 
0 
0 
0 
0 
0 
0 
0 
0 
0 
0 
0 
0 
0 
0 
0.49008 
0.74496 
0.12011 
0.08008 
0.9568 
0.06918 
0.67349 
0.81356 
0.91625 
0.6957 
0.56831 
0.95242 
0.65228 
0.02288 
0.01597 
0.39047 
0.96612 
0.75937 
0.72274 
0.01595 
0.62812 
0.69012 
0.65964 
0.22535 
1e-05 
0.35992 
0.76625 
0.35059 
0.71098 
0.55055 
0.86342 
0.77141 
0.48931 
0.3847 
0.00021 
0.40703 
0.45484 
0.2178 
0.48914 
0.49473 
0.03693 
0.0096 
0.43482 
0.00477 
0.18839 
0.25894 
0.34937 
0.023 
0.09118 
0.06558 
